798000.00
298700.00
399000.00
370000.00
248000.00
690000.00
1547000.00
170000.00
270000.00
260000.00
289000.00
300000.00
135000.00
398000.00
374000.00
248000.00
399000.00
290000.00
2600.00
399000.00
159000.00
225000.00
149600.00
215000.00
490000.00
798000.00
298700.00
399000.00
370000.00
248000.00
690000.00
1547000.00
170000.00
270000.00
260000.00
289000.00
300000.00
135000.00
398000.00
374000.00
248000.00
399000.00
290000.00
2600.00
399000.00
159000.00
225000.00
149600.00
215000.00
490000.00
